यू.स.तिवारी : 12,13,14
चल : 44,54,64,70,71
नाम : 3,11
बताओ : 0,1,2,12,13,14,65,66,67,68,69,72,73,74,75,76,77,78,79,80,81,82,83,84,85,86,87,88,89,90
काम : 25,27,30,32,33,34,35,38,39,40,41,44,46,48,49,50,51,54,55,58,59,60,61,64,70,71,91,92,93,94,95,96,97,98,99,105,106,107,113,114,115
किस : 28,29,37,45,57,71
रिसर्च : 24,25,26,27,28,29,31,32,33,36,37,39,41,42,43,44,45,46,47,48,49,51,52,53,54,55,56,57,58,59,60,61,62,63,64,66,67,68,74,75,76,79,80,81,84,85,86,90,91,93,94,96,97,99
कितने : 19,21
कभी : 101,109
सी : 7,8
सिस्टम : 68,69,76,77,81,82,86,87,88,89,90,91,92,93,95
ग्रुप : 24,25,26,27,35,36,37,38,39,40,41,42,43,44,45,46,47,48,49,50,51,52,53,54,55,56,57,58,59,60,61,62,63,64,67,75,80,85,90
स्पोकन : 35,36,37,38,40,68,69,76,77,81,82,86,87,88,89,90,91,92,93
सुधाकर : 78,79,80,81,82
भी : 101,109
ट्रैकिंग : 45,46,47,48,49,50,51,52,53,54
फुल : 4
संतोष : 83,84,85,86,87
खुली : 19,23
डायलाग : 42,43,44,67,68,69,75,76,77,80,81,82,85,86,87,88,89,90,91,92,93
इमोशन : 55,56,57,58,59,60,61,62,63,64
ऑय : 94,95,96
कब : 22,23
पीएचडी : 34,69,77,82,87
रोहित : 65,66,67,68,69
रहती : 19,21,23
कौन : 7,8,9,10,32,33,34,42,43,44,52,53,54,62,63,64,70,102,103,110,111,119,120,121,122
बजे : 19,21
देखभाल : 120,121,122
मिश्रा : 65,66,67,68,69,78,79,80,81,82
बीटेक : 100,101,102,103,104,105,106,107
फॉर्म : 4
लैब : 0,1,2,3,4,5,6,7,8,9,10,11,15,16,17,18,19,21,22,23,25,26,27,28,29,30,31,32,33,34,38,48,58,66,70,71,72,74,79,84,100,101,102,103,104,106,107,108,109,110,111,112,114,115,116,117,118,119,120
बिल्डिंग : 7
बारे : 0,1,2,12,13,14,37,45,57,65,66,67,68,69,72,73,74,75,76,77,78,79,80,81,82,83,84,85,86,87,88,89,90
कौन-कौन : 16,17,18,24,25,26,27,31,39,40,41,49,50,51,59,60,61,91,92,93,94,95,96,97,98,99,116,117,118
क्या-क्या : 15,30
आई : 45,46,47,48,49,50,51,52,53,54
पूरा : 3
बरनवाल : 83,84,85,86,87
तुम : 0,2,12,14,89
इमारत : 8
हाउ : 94,95,96
मुझे : 0,2,12,14,65,73,78,83,89
मालवीय : 73,74,75,76,77
उपकरण : 16,17,18
समय : 20
पढ़ते : 116
स्कॉलर : 31,32,33,39,41,49,51,59,61,66,67,68,74,75,76,79,80,81,84,85,86,91,93,94,96,97,99
डायलॉग : 35,36,37,38,39,40,41
थोड़ा : 0,2,14
मूव्स : 94,95,96
प्रोजेक्ट : 42,43,44,52,53,54,62,63,64,70,71,88,89,90,91,92,93,94,95,96
कहां : 5,6
स्टूडेंट : 34,69,77,82,87,100,101,102,103,104,105,106,107,108,109,110,111,112,113,114,115,116,117,118
उपकरणों : 120,121,122
अंतर्गत : 43,53,63
रहता : 20
क्या : 3,4,11,20,35,36,38,46,47,48,55,56,58,100,101,104,105,106,107,108,109,112,113,114,115
इंचार्ज : 9,10,11
श्रीकांत : 73,74,75,76,77
सेंसर : 97,98,99
विभिन्न : 72
शिल्प : 0,1,2,3,4,5,6,7,8,10,11,17,18,20,23,26,29,30,31,32,33,34,38,48,58,66,70,71,72,74,79,84,100,101,102,103,106,107,108,109,110,111,114,115,116,117,118,119,120
स्थित : 6
प्रोजेक्ट्स : 72,97,98,99
प्रकार : 28,29,71,72
एमटेक : 108,109,110,111,112,113,114,115
मैं : 40,50,60,92,95,98
